$ANSIBLE_VAULT;1.1;AES256
37336664326530633431316462646366613864396336613935336262343038653264626431353565
3464633638336133633665333266353532326366666466360a656232633738356637633436393237
37326565313035316466636131653737633234363538396166393832373461383932353532383739
3438363531366432660a306133346632623537653530316361323662643937313165303331616362
35323930373430663630633435373637363764383930663434343033613934346561363263333737
66646164366161356162363932346536666237303030663235363335663161363037316632656431
30383430393434323666333261396363623265633063323965396137656635643161613537363533
31633831346134326230643536653033363033623238343235626665363230373461376162356163
61343331666263386438653464386636646536366339643038636433323338663735653065383732
36356535663134613733646233396166303539626335333235363166343535373736376337333933
37653036303865636437363630666332313130343531333465316131336336616363343233396665
35646564643938366161383739653664323835646436636436373366356430303738616638373130
66656566323463663363363237383836393534383239633930396461626631666364303766393237
31353262333039303438343161636664393363363761393962386439643836336263396232363836
39636634663161616463336462353132666234656634366264373135376234643636326531386365
35363430316635373765393836343038616539663261313863386361333433633530333038396161
34336537396235643165623730323430656231626637636662336235616234313438306665386562
66623134613165393439343762613461323339366566653930626436373665383166663765643765
363562323839343030336538626637383265
